17659329
526633940
327577091
874916178
463765807
22723307
23741868
39086606
57640348
148099654
267328866
45749162
70463971
868358876
265491747
946677414
35644661
237453428
14412101
48075643
20946110
383207452
262968760
11613712
74304212
2155069154
183639717
1293531589
82968346
155634643
1337490036
14275423
281818050
37247374
87584353
1961041837
24199781
18059424
82853
21460110
22834340
85142160
240790984
79569980
131277152
334733583
788697546
372690456
51777236
27799349
133770568
50387337
24937393
509032366
14872551
52160722
326562333
17452080
9464552
33915226
249013720
183268101
1154524328
9874512
1201619390
150726712
61384123
17853152
260827490
16569107
1668444913
279655313
268362505
165177737
123374553
37862759
41118043
147967582
17809607
17822855
16220341
29765346
203141216
141545751
373729837
109921890
115505593
19536396
409462343
17890544
408345967
18528216
1483971788
20397808
27818323
14714825
19367477
69892375
269399083
3630501
372386913
249060131
486997945
95273012
135117679
16258157
1435777862
80395276
67418458
238282392
66144864
35286407
18678924
620632841
43230234
333517999
1347226375
504720945
257540457
273581084
41940910
299734693
22387220
74249819
1378279770
73112660
270493105
47408194
876114956
281196299
462424772
347276428
871989314
47387027
31178767
139870125
376327986
883187275
387531939
57713065
94213060
50383514
17463137
305125998
1280318305
772323
107246587
16408959
24715018
1080504728
1247237509
15238841
526787104
20384034
1225954434
382734543
460408325
1184637614
22895484
259859429
423615378
68522205
620069722
436347713
60385618
72957895
135991884
55931030
15678926
212390504
83041033
14212076
63320711
26336913
18913236
15908429
80465166
363302768
243782937
93434344
560376256
569194982
16297720
39581173
26293094
16540063
181271937
208163898
432708845
13404292
82379654
4129641
24778284
464854839
14699813
15383427
199766003
18450088
39317107
43593
363887554
14873684
436062329
351768289
15062129
39574433
404911747
218276360
15521258
87986621
15245975
18507983
171920011
17001646
42467881
253004443
633726625
49943475
47469109
4628121
713369978
17914013
120185048
33900304
377308500
774478651
777332384
18659829
461908717
1440641
429685724
241169811
340094374
269170324
16459757
326381630
245716552
353263514
400344850
17601988
21857316
394336510
48100047
69755462
135713596
14325025
247359669
373791638
21768766
127791708
106444076
41620634
22881265
485766720
18827552
714697231
353239744
32129706
61817626
54165761
705082592
346083895
332617059
633980404
376874857
104339970
460470940
613714169
17784665
74558185
577685565
19803605
540282330
419048186
341118458
483688818
189244927
91069414
43289988
54148929
429455200
44722598
15829626
602017969
557846474
220533855
437235053
11545652
599454226
26548553
17898937
37281592
86640232
236017119
15187074
25096930
519785351
123327472
130647368
16296332
242765117
302236263
34055555
55190116
18490480
98927466
22872168
1903371
526568758
519806466
5660682
1838791
772759
36106011
313700178
135215435
450577886
341924686
250765341
466649398
66822783
101508803
51530226
15181734
271583900
14366976
165864348
73963286
19113435
8912232
15309384
2341001
33999013
80829085
16463786
186284229
15812438
74762619
15963468
47408482
39621239
122792963
255347566
288668776
92409158
297071736
48377263
35869256
12376942
33761202
44366594
269448653
28258330
41310247
280055962
379379520
6741982
22056037
21417247
369089298
104908543
50339158
17737614
131315938
15418253
29475191
47960267
45587483
259317559
69103442
14683257
21734241
17091688
381646547
382217070
2325431
342515338
317500117
355671913
263275988
92119359
8984352
312776147
326834507
326369670
149119936
107163055
29478953
305005427
18684952
21415998
375367337
27729889
87271106
339824133
183213825
96294686
15593561
22410909
15369869
255392715
26809626
23177276
157009365
40375110
39245720
34494824
9710612
14871536
15450292
13644362
146271909
5452482
314301334
17164414
16313769
351944380
167411876
20459511
18454679
106137204
168780835
28439828
373437924
7140202
32551884
147666113
120233868
129911798
34196922
1634051
363722449
63217511
369684457
369123575
119491006
19476868
57743032
76036920
323468251
171811536
267192107
113635822
22159703
18918784
7612712
16929470
236657680
68044757
29752603
339332911
342169653
200663992
7213802
243840731
156368864
18945768
339719556
17342267
336130457
15716291
87761810
15223418
15133502
16866844
310374952
262937086
305547898
176922637
273668513
291783943
75031613
294258287
17290577
109134468
243798637
108171720
318502583
56318573
16257487
19560540
123323498
81220455
309937733
74519287
14089446
133929829
249307732
238088181
213397244
32702382
304637493
50996697
85351514
182545611
301012485
11136082
244997595
251679630
33919343
261289053
245447064
226453985
60625486
15736557
16911536
17717552
29474774
14434011
224741372
138299775
285186224
282545479
673953
255719070
33547196
214641138
22730280
14861368
267335725
175436190
268476335
268447372
161813561
181272163
259395895
24134103
19789414
14850098
42718180
258885469
19593954
16028003
8041772
177624460
81644488
24889586
23196748
18554022
8442372
46593413
40088633
14894088
14147720
14963684
770034
14055025
21682467
15906540
107061895
9332442
25362797
18252775
21661593
1056961
32147994
116899679
122151277
27716402
163922836
15388131
8881
168674628
132589871
146167871
42984750
14348157
17877122
76663193
18057243
75085858
31203136
46758606
17436250
16055024
33668650
41619067
82683644
17845620
15950210
135574894
47717846
4527941
82969145
62860671
21123640
40075291
28138045
167087610
14849284
196186298
153836083
16441088
54885334
21397149
65431946
18790963
61879600
29607664
40200549
8543242
23946892
77000430
226703
3648061
104352678
463463
16588095
72962711
101247760
10686252
291363
14401912
52597934
63345416
37029298
23979328
154145174
14517538
26355341
16194566
216495966
138144571
16380238
30601518
198241550
59599859
85859613
30508149
19570075
14552725
15803250
17389023
30202028
67631479
14021902
242763001
18228075
16046443
15169582
9267722
18318642
17152685
16227629
22320759
32942018
14406465
24387882
252903200
5636142
18189726
64272125
132631769
17910058
55510435
44970004
77004462
14179132
80764810
76684897
79299028
81482674
75782383
14443406
80663193
1586501
39030654
38829617
19999626
17525611
52089472
32433821
32138947
62316970
37718165
39802003
39044325
107234633
20570290
18453278
21245863
137414410
29263488
33338729
117460060
28128198
15777728
33318712
18807424
4071761
23994034
14875983
10922752
107857325
24051028
19247853
19671465
72667138
16915103
31053563
19714682
247033019
34231471
11179192
168295477
16555786
5273561
15180852
89593573
16059332
14206869
681473
27696993
101105818
16395525
110487775
2115091
90034304
189180763
18874227
83596467
754989
1371791
85850590
163598915
355203
199459767
15950882
37291805
16172747
15891430
138479037
147649517
95270375
109275829
18941591
16295907
114870824
14624523
87502961
105189289
15840979
19661363
103058726
36510873
70747051
70736745
59157393
59145948
54905488
57046177
56810507
16439603
9089942
39434755
25878195
50360181
26929440
14463927
14518765
29205301
37104983
14365001
21416856
17025613
33792634
32628749
37917164
37759047
22411875
28631509
19787000
17023277
16929520
16929282
17025323
17026041
16929600
17006157
16929559
16929396
17004139
16929349
21764343
16955870
16955517
16954241
17002185
17001043
16956234
16956330
17002395
17003056
815994
17000625
1774391
1877831
1769551
1434251
1767741
1879831
1435461
1754641
1766701
1775731
16686144
20095865
20778387
21145241
10454572
14237001
20772763
12685742
23836537
19731643
14575107
24773177
11178672
1536811
10755542
19086456
17004618
14110839
16955436
14434070
15829144
14515799
1198481
2020351
15222806
14603515
14434063
